2456533 748
2456534 714
2456535 640
2456536 706
2456537 661
2456538 597
2456539 606
2456540 677
2456541 814
2456542 796
2456543 704
2456544 769
2456545 892
2456546 880
2456547 942
2456548 981
2456549 702
2456550 624
2456551 914
2456552 1073
2456553 1110
2456554 1044
2456555 1102
2456556 388
2456557 584
2456558 1050
2456559 1075
2456560 1264
2456561 1082
2456562 1101
2456563 612
2456564 517
2456565 976
2456566 1072
2456567 1061
2456568 1158
2456569 1088
2456570 716
2456571 606
2456572 964
2456573 1018
2456574 1069
2456575 1086
2456576 1014
2456577 665
2456578 572
2456579 1050
2456580 1173
2456581 1165
2456582 1227
2456583 1103
2456584 635
2456585 452
2456586 1015
2456587 1026
2456588 1029
2456589 1053
2456590 1048
2456591 501
2456592 292
2456593 967
2456594 1008
2456595 1122
2456596 1150
2456597 1120
2456598 544
2456599 372
2456600 1128
2456601 1158
2456602 1085
2456603 1197
2456604 1172
2456605 634
2456606 482
2456607 986
2456608 1154
2456609 1002
2456610 1115
2456611 1131
2456612 474
2456613 406
2456614 1008
2456615 750
2456616 625
2456617 1102
2456618 995
2456619 525
2456620 348
2456621 1019
2456622 1004
2456623 720
2456624 272
2456625 384
2456626 307
2456627 329
2456628 878
2456629 917
2456630 992
2456631 936
2456632 727
2456633 277
2456634 274
2456635 807
2456636 878
2456637 903
2456638 966
2456639 962
2456640 392
2456641 319
2456642 946
2456643 975
2456644 928
2456645 935
2456646 867
2456647 354
2456648 307
2456649 651
2456650 336
2456651 360
2456652 422
2456653 425
2456654 403
2456655 318
2456656 605
2456657 505
2456658 359
2456659 767
2456660 779
2456661 356
2456662 296
2456663 915
2456664 967
2456665 967
2456666 980
2456667 983
2456668 247
2456669 351
2456670 1015
2456671 1027
2456672 1100
2456673 1097
2456674 1014
2456675 443
2456676 397
2456677 615
2456678 1011
2456679 1071
2456680 1094
2456681 1021
2456682 444
2456683 390
2456684 959
2456685 1026
2456686 952
2456687 946
2456688 839
2456689 383
2456690 128
2456691 962
2456692 994
2456693 862
2456694 486
2456695 466
2456696 94
2456697 81
2456698 803
2456699 939
2456700 1015
2456701 937
2456702 958
2456703 415
2456704 415
2456705 464
2456706 1013
2456707 1012
2456708 974
2456709 937
2456710 466
2456711 317
2456712 1011
2456713 1090
2456714 392
2456715 872
2456716 538
2456717 318
2456718 208
2456719 746
2456720 944
2456721 979
2456722 1015
2456723 988
2456724 468
2456725 548
2456726 980
2456727 1112
2456728 1044
2456729 1133
2456730 1022
2456731 504
2456732 445
2456733 1002
2456734 1139
2456735 1161
2456736 1127
2456737 1010
2456738 422
2456739 373
2456740 1012
2456741 927
2456742 716
2456743 1071
2456744 974
2456745 117
2456746 391
2456747 697
2456748 520
2456749 987
2456750 997
2456751 844
2456752 518
2456753 378
2456754 1123
2456755 1268
2456756 1119
2456757 1033
2456758 1013
2456759 463
2456760 412
2456761 1046
2456762 1163
2456763 1223
2456764 1145
2456765 988
2456766 421
2456767 376
2456768 1049
2456769 1066
2456770 1089
2456771 1018
2456772 599
2456773 383
2456774 354
2456775 1177
2456776 1227
2456777 1222
2456778 1185
2456779 1037
2456780 387
2456781 417
2456782 1156
2456783 1129
2456784 1173
2456785 1052
2456786 1046
2456787 437
2456788 336
2456789 1180
2456790 1235
2456791 1182
2456792 1207
2456793 1142
2456794 485
2456795 418
2456796 1111
2456797 1123
2456798 1103
2456799 1216
2456800 1092
2456801 432
2456802 557
2456803 450
2456804 1204
2456805 1278
2456806 1209
2456807 1074
2456808 449
2456809 468
2456810 1291
2456811 1324
2456812 1298
2456813 1219
2456814 1161
2456815 437
2456816 498
2456817 1294
2456818 1256
2456819 1280
2456820 1175
2456821 1163
2456822 440
2456823 390
2456824 1269
2456825 1216
2456826 1259
2456827 1237
2456828 1151
2456829 361
2456830 460
2456831 1188
2456832 1334
2456833 1225
2456834 1294
2456835 1137
2456836 495
2456837 414
2456838 1248
2456839 1211
2456840 1245
2456841 1026
2456842 391
2456843 382
2456844 365
2456845 1210
2456846 1201
2456847 1347
2456848 1224
2456849 1076
2456850 445
2456851 408
2456852 1220
2456853 1300
2456854 1311
2456855 1299
2456856 1160
2456857 424
2456858 402
2456859 1224
2456860 1326
2456861 1366
2456862 1299
2456863 1204
2456864 495
2456865 446
2456866 1293
2456867 1368
2456868 1351
2456869 1260
2456870 1162
2456871 387
2456872 365
2456873 1169
2456874 1313
2456875 1254
2456876 1256
2456877 1170
2456878 376
2456879 436
2456880 1234
2456881 1380
2456882 1247
2456883 1251
2456884 1179
2456885 425
2456886 402
2456887 1277
2456888 1279
2456889 1327
2456890 1352
2456891 1235
2456892 485
2456893 345
2456894 1371
2456895 1513
2456896 1479
2456897 1340
2456898 1252
2456899 481
2456900 473
2456901 368
2456902 1319
2456903 1404
2456904 1389
2456905 1265
2456906 435
2456907 336
2456908 1305
2456909 1362
2456910 1351
2456911 1381
2456912 1308
2456913 556
2456914 435
2456915 1516
2456916 1438
2456917 1429
2456918 1186
2456919 1245
2456920 427
2456921 313
2456922 1353
2456923 1362
2456924 1301
2456925 1177
2456926 1242
2456927 464
2456928 376
2456929 1335
2456930 1304
2456931 1393
2456932 1452
2456933 1194
2456934 418
2456935 324
2456936 1169
2456937 1293
2456938 1367
2456939 1306
2456940 1299
2456941 552
2456942 447
2456943 1261
2456944 1496
2456945 1384
2456946 1462
2456947 1257
2456948 474
2456949 418
2456950 1266
2456951 1410
2456952 1319
2456953 1389
2456954 1427
2456955 406
2456956 470
2456957 1393
2456958 1419
2456959 1496
2456960 1411
2456961 848
2456962 395
2456963 372
2456964 1347
2456965 1302
2456966 1382
2456967 1410
2456968 1301
2456969 512
2456970 377
2456971 1304
2456972 1213
2456973 1363
2456974 1133
2456975 1210
2456976 384
2456977 267
2456978 1304
2456979 1322
2456980 906
2456981 886
2456982 1210
2456983 343
2456984 235
2456985 1285
2456986 1183
2456987 758
2456988 133
2456989 277
2456990 281
2456991 121
2456992 1181
2456993 491
2456994 804
2456995 1125
2456996 980
2456997 419
2456998 296
2456999 1363
2457000 1305
2457001 1279
2457002 107
2457003 622
2457004 368
2457005 264
2457006 644
2457007 770
2457008 809
2457009 1126
2457010 532
2457011 305
2457012 246
2457013 1021
2457014 806
2457015 308
2457016 150
2457017 329
2457018 231
2457019 297
2457020 627
2457021 486
2457022 386
2457023 181
2457024 428
2457025 283
2457026 206
2457027 1186
2457028 1255
2457029 1301
2457030 1295
2457031 1173
2457032 362
2457033 327
2457034 1344
2457035 1368
2457036 1296
2457037 1229
2457038 1082
2457039 319
2457040 275
2457041 619
2457042 1213
2457043 1314
2457044 1224
2457045 1164
2457046 420
2457047 259
2457048 1249
2457049 1260
2457050 1345
2457051 1295
2457052 1193
2457053 375
2457054 251
2457055 1312
2457056 1363
2457057 1364
2457058 1272
2457059 608
2457060 318
2457061 141
2457062 1246
2457063 1368
2457064 1343
2457065 1305
2457066 1295
2457067 563
2457068 375
2457069 543
2457070 1279
2457071 1238
2457072 1172
2457073 1101
2457074 333
2457075 289
2457076 1280
2457077 1169
2457078 1209
2457079 1242
2457080 1092
2457081 330
2457082 338
2457083 1209
2457084 1299
2457085 1243
2457086 1225
2457087 1245
2457088 396
2457089 394
2457090 1045
2457091 1184
2457092 1214
2457093 1328
2457094 1208
2457095 479
2457096 377
2457097 1295
2457098 1365
2457099 1319
2457100 1363
2457101 1206
2457102 375
2457103 280
2457104 1247
2457105 1340
2457106 1409
2457107 1348
2457108 1264
2457109 512
2457110 362
2457111 1403
2457112 1354
2457113 1379
2457114 1395
2457115 1155
2457116 342
2457117 216
2457118 1281
2457119 1097
2457120 1344
2457121 1321
2457122 1246
2457123 407
2457124 303
2457125 1337
2457126 1331
2457127 1359
2457128 1359
2457129 1255
2457130 413
2457131 325
2457132 1299
2457133 1371
2457134 1376
2457135 1368
2457136 1171
2457137 405
2457138 291
2457139 1233
2457140 1375
2457141 1314
2457142 1295
2457143 1282
2457144 351
2457145 346
2457146 1296
2457147 1369
2457148 1374
2457149 1360
2457150 1246
2457151 368
2457152 267
2457153 1297
2457154 1305
2457155 1336
2457156 1343
2457157 1168
2457158 394
2457159 328
2457160 1279
2457161 1381
2457162 1246
2457163 1355
2457164 1129
2457165 392
2457166 333
2457167 324
2457168 1219
2457169 1260
2457170 1288
2457171 1203
2457172 435
2457173 266
2457174 1224
2457175 1390
2457176 1348
2457177 1414
2457178 1270
2457179 339
2457180 385
2457181 1270
2457182 1383
2457183 956
2457184 1437
2457185 1276
2457186 430
2457187 269
2457188 1327
2457189 1409
2457190 1353
2457191 1352
2457192 1243
2457193 411
2457194 298
2457195 1295
2457196 1392
2457197 1335
2457198 1391
2457199 1319
2457200 466
2457201 407
2457202 1237
2457203 1281
2457204 1205
2457205 1019
2457206 439
2457207 449
2457208 288
2457209 1242
2457210 1359
2457211 1405
2457212 1257
2457213 1244
2457214 495
2457215 379
2457216 1345
2457217 1358
2457218 1384
2457219 1382
2457220 1249
2457221 368
2457222 402
2457223 1386
2457224 1349
2457225 1307
2457226 1320
2457227 1254
2457228 364
2457229 432
2457230 1363
2457231 1451
2457232 1411
2457233 1330
2457234 1240
2457235 425
2457236 320
2457237 1283
2457238 1360
2457239 1341
2457240 1299
2457241 1197
2457242 432
2457243 361
2457244 1284
2457245 1397
2457246 1400
2457247 1401
2457248 1182
2457249 451
2457250 393
2457251 1418
2457252 1407
2457253 1353
2457254 1353
2457255 1215
2457256 421
2457257 311
2457258 1309
2457259 1421
2457260 1465
2457261 1443
2457262 1220
2457263 342
2457264 331
2457265 1369
