2457266 1389
2457267 1313
2457268 1294
2457269 1129
2457270 386
2457271 318
2457272 318
2457273 1333
2457274 1405
2457275 1357
2457276 1165
2457277 360
2457278 301
2457279 1177
2457280 1423
2457281 1239
2457282 1312
2457283 1272
2457284 402
2457285 325
2457286 1343
2457287 1355
2457288 1230
2457289 1342
2457290 1280
2457291 364
2457292 349
2457293 1304
2457294 1408
2457295 1203
2457296 1253
2457297 1195
2457298 304
2457299 309
2457300 1287
2457301 1326
2457302 1326
2457303 1285
2457304 1196
2457305 393
2457306 483
2457307 1142
2457308 1397
2457309 1371
2457310 1283
2457311 1190
2457312 292
2457313 259
2457314 1292
2457315 1403
2457316 1328
2457317 1328
2457318 1204
2457319 345
2457320 295
2457321 1260
2457322 1270
2457323 1235
2457324 1310
2457325 1229
2457326 263
2457327 240
2457328 863
2457329 1246
2457330 1204
2457331 1266
2457332 1124
2457333 356
2457334 191
2457335 806
2457336 1260
2457337 1128
2457338 1238
2457339 1166
2457340 320
2457341 197
2457342 1220
2457343 1207
2457344 1253
2457345 1145
2457346 1172
2457347 277
2457348 244
2457349 1052
2457350 911
2457351 652
2457352 106
2457353 171
2457354 188
2457355 165
2457356 988
2457357 1117
2457358 1096
2457359 898
2457360 992
2457361 213
2457362 105
2457363 1027
2457364 1109
2457365 1028
2457366 898
2457367 893
2457368 228
2457369 77
2457370 999
2457371 1050
2457372 1066
2457373 990
2457374 801
2457375 245
2457376 51
2457377 341
2457378 539
2457379 563
2457380 124
2457381 106
2457382 128
2457383 146
2457384 475
2457385 502
2457386 319
2457387 264
2457388 98
2457389 154
2457390 135
2457391 765
2457392 632
2457393 562
2457394 978
2457395 909
2457396 132
2457397 133
2457398 1060
2457399 1090
2457400 1033
2457401 838
2457402 966
2457403 162
2457404 104
2457405 417
2457406 593
2457407 1107
2457408 1089
2457409 513
2457410 236
2457411 226
2457412 1127
2457413 1114
2457414 1131
2457415 1095
2457416 590
2457417 318
2457418 213
2457419 1013
2457420 865
2457421 1042
2457422 1062
2457423 948
2457424 410
2457425 270
2457426 1160
2457427 1144
2457428 1167
2457429 1176
2457430 1063
2457431 353
2457432 341
2457433 463
2457434 1155
2457435 973
2457436 1036
2457437 904
2457438 307
2457439 235
2457440 1187
2457441 1182
2457442 1163
2457443 1176
2457444 1034
2457445 337
2457446 242
2457447 1152
2457448 1256
2457449 1177
2457450 989
2457451 764
2457452 68
2457453 163
2457454 987
2457455 1122
2457456 955
2457457 691
2457458 520
2457459 176
2457460 50
2457461 1119
2457462 1206
2457463 1189
2457464 1114
2457465 1011
2457466 308
2457467 185
2457468 912
2457469 1144
2457470 1215
2457471 1210
2457472 952
2457473 365
2457474 222
2457475 1094
2457476 1161
2457477 1134
2457478 1099
2457479 967
2457480 299
2457481 259
2457482 1175
2457483 1220
2457484 1200
2457485 1231
2457486 986
2457487 111
2457488 197
2457489 1146
2457490 1181
2457491 1162
2457492 1106
2457493 1070
2457494 363
2457495 252
2457496 1179
2457497 1325
2457498 1325
2457499 1183
2457500 941
2457501 294
2457502 281
2457503 1167
2457504 1249
2457505 1162
2457506 1221
2457507 1090
2457508 270
2457509 243
2457510 1197
2457511 1242
2457512 1239
2457513 1219
2457514 925
2457515 183
2457516 225
2457517 1212
2457518 1307
2457519 1273
2457520 1497
2457521 1167
2457522 393
2457523 318
2457524 1209
2457525 1350
2457526 1222
2457527 1235
2457528 1103
2457529 309
2457530 295
2457531 1126
2457532 1226
2457533 1240
2457534 1201
2457535 988
2457536 380
2457537 300
2457538 266
2457539 1232
2457540 1171
2457541 1262
2457542 1145
2457543 353
2457544 258
2457545 1330
2457546 1283
2457547 1255
2457548 1264
2457549 1139
2457550 321
2457551 323
2457552 1313
2457553 1295
2457554 1249
2457555 1271
2457556 1111
2457557 337
2457558 282
2457559 1268
2457560 1333
2457561 1245
2457562 1253
2457563 1124
2457564 375
2457565 288
2457566 1282
2457567 1288
2457568 1185
2457569 1180
2457570 968
2457571 303
2457572 222
2457573 316
2457574 952
2457575 1091
2457576 1122
2457577 995
2457578 342
2457579 331
2457580 1168
2457581 1188
2457582 1210
2457583 1212
2457584 1046
2457585 271
2457586 196
2457587 1151
2457588 1155
2457589 1247
2457590 1196
2457591 1023
2457592 270
2457593 242
2457594 1200
2457595 1213
2457596 1219
2457597 1166
2457598 1102
2457599 356
2457600 311
2457601 1165
2457602 1241
2457603 1231
2457604 1140
2457605 967
2457606 300
2457607 275
2457608 1268
2457609 1233
2457610 1162
2457611 1166
2457612 1032
2457613 670
2457614 736
2457615 1204
2457616 1270
2457617 1253
2457618 1264
2457619 1074
2457620 313
2457621 291
2457622 1176
2457623 1241
2457624 1242
2457625 1184
2457626 1096
2457627 291
2457628 285
2457629 1196
2457630 1213
2457631 1176
